labels 0 1
0 0.778876 0.221124
1 0.242757 0.757243
1 0.375467 0.624533
0 0.5 0.5
1 0.206249 0.793751
1 0.20616 0.79384
1 0.206301 0.793699
1 0.206306 0.793694
1 0.42419 0.57581
0 0.573985 0.426015
1 0.375466 0.624534
0 0.690598 0.309402
0 0.752203 0.247797
1 0.47745 0.52255
1 0.375467 0.624533
1 0.375467 0.624533
1 0.206161 0.793839
1 0.318847 0.681153
1 0.266165 0.733835
1 0.266193 0.733807
1 0.217258 0.782742
1 0.375467 0.624533
0 0.650815 0.349185
1 0.37311 0.62689
1 0.206294 0.793706
1 0.19666 0.80334
1 0.375467 0.624533
1 0.375467 0.624533
1 0.206324 0.793676
1 0.206227 0.793773
1 0.206221 0.793779
1 0.206298 0.793702
1 0.348362 0.651638
1 0.375467 0.624533
1 0.209399 0.790601
1 0.206285 0.793715
1 0.208504 0.791496
0 0.547172 0.452828
0 0.653253 0.346747
1 0.266164 0.733836
0 0.527498 0.472502
1 0.286089 0.713911
1 0.266199 0.733801
1 0.206211 0.793789
1 0.354503 0.645497
1 0.494786 0.505214
0 0.579813 0.420187
1 0.211583 0.788417
1 0.206251 0.793749
1 0.269791 0.730209
0 0.778912 0.221088
1 0.206266 0.793734
1 0.20635 0.79365
1 0.206333 0.793667
1 0.266179 0.733821
1 0.206283 0.793717
1 0.174483 0.825517
1 0.261606 0.738394
1 0.206201 0.793799
1 0.375467 0.624533
0 0.529028 0.470972
1 0.206291 0.793709
0 0.571857 0.428143
1 0.206162 0.793838
1 0.207813 0.792187
1 0.35846 0.64154
1 0.206205 0.793795
1 0.206186 0.793814
0 0.778883 0.221117
1 0.185597 0.814403
1 0.222278 0.777722
1 0.206186 0.793814
1 0.375467 0.624533
1 0.494852 0.505148
0 0.621398 0.378602
1 0.363716 0.636284
1 0.275665 0.724335
1 0.478226 0.521774
1 0.206327 0.793673
1 0.270037 0.729963
1 0.372248 0.627752
1 0.209712 0.790288
1 0.174483 0.825517
1 0.223106 0.776894
1 0.206258 0.793742
1 0.206169 0.793831
1 0.206236 0.793764
1 0.264929 0.735071
0 0.778888 0.221112
1 0.41921 0.58079
1 0.240452 0.759548
1 0.206253 0.793747
1 0.206177 0.793823
1 0.375467 0.624533
1 0.402132 0.597868
1 0.255899 0.744101
1 0.206249 0.793751
1 0.272997 0.727003
0 0.571857 0.428143
1 0.383941 0.616059
1 0.463166 0.536834
1 0.375467 0.624533
1 0.216697 0.783303
1 0.206296 0.793704
1 0.375468 0.624532
1 0.324836 0.675164
0 0.5 0.5
1 0.374053 0.625947
1 0.254136 0.745864
1 0.375467 0.624533
1 0.375467 0.624533
1 0.206213 0.793787
1 0.206263 0.793737
1 0.206174 0.793826
1 0.373107 0.626893
1 0.341183 0.658817
1 0.474409 0.525591
1 0.349393 0.650607
1 0.206171 0.793829
1 0.280471 0.719529
0 0.656961 0.343039
0 0.77873 0.22127
1 0.375467 0.624533
1 0.49236 0.50764
1 0.350889 0.649111
0 0.637067 0.362933
1 0.206234 0.793766
1 0.20617 0.79383
1 0.375576 0.624424
1 0.276376 0.723624
1 0.206291 0.793709
1 0.206306 0.793694
1 0.373109 0.626891
1 0.206304 0.793696
1 0.206246 0.793754
1 0.206036 0.793964
1 0.206295 0.793705
1 0.306938 0.693062
1 0.206203 0.793797
1 0.206144 0.793856
1 0.375467 0.624533
1 0.266136 0.733864
1 0.375467 0.624533
1 0.206286 0.793714
1 0.322001 0.677999
1 0.26615 0.73385
1 0.217258 0.782742
1 0.375467 0.624533
1 0.206226 0.793774
1 0.206257 0.793743
1 0.206167 0.793833
1 0.230667 0.769333
1 0.206167 0.793833
1 0.375467 0.624533
1 0.206287 0.793713
1 0.206262 0.793738
1 0.266176 0.733824
1 0.206242 0.793758
0 0.513167 0.486833
1 0.259274 0.740726
1 0.206279 0.793721
1 0.193194 0.806806
1 0.350927 0.649073
1 0.299742 0.700258
1 0.307159 0.692841
1 0.34315 0.65685
1 0.375467 0.624533
1 0.206166 0.793834
1 0.375551 0.624449
1 0.206322 0.793678
1 0.375467 0.624533
1 0.267058 0.732942
1 0.264599 0.735401
1 0.206242 0.793758
1 0.185178 0.814822
1 0.206249 0.793751
1 0.426621 0.573379
1 0.20625 0.79375
1 0.206258 0.793742
1 0.206281 0.793719
1 0.20627 0.79373
1 0.374041 0.625959
1 0.206153 0.793847
1 0.206333 0.793667
1 0.206252 0.793748
1 0.206297 0.793703
1 0.206333 0.793667
1 0.266173 0.733827
0 0.690669 0.309331
1 0.177899 0.822101
1 0.24511 0.75489
1 0.206151 0.793849
1 0.268318 0.731682
1 0.375468 0.624532
1 0.375467 0.624533
1 0.206319 0.793681
1 0.264929 0.735071
1 0.206326 0.793674
1 0.206304 0.793696
0 0.774565 0.225435
1 0.375467 0.624533
1 0.206267 0.793733
1 0.206278 0.793722
1 0.433986 0.566014
1 0.463181 0.536819
1 0.206242 0.793758
1 0.20616 0.79384
1 0.206213 0.793787
1 0.375467 0.624533
1 0.221219 0.778781
1 0.193715 0.806285
1 0.375467 0.624533
1 0.192813 0.807187
1 0.308788 0.691212
1 0.206301 0.793699
0 0.690598 0.309402
1 0.206279 0.793721
1 0.206215 0.793785
0 0.545424 0.454576
0 0.633102 0.366898
1 0.310526 0.689474
1 0.375467 0.624533
1 0.375467 0.624533
0 0.690598 0.309402
1 0.375467 0.624533
1 0.206257 0.793743
1 0.375576 0.624424
0 0.784005 0.215995
1 0.282939 0.717061
0 0.571857 0.428143
1 0.375533 0.624467
1 0.269192 0.730808
1 0.375467 0.624533
1 0.247753 0.752247
1 0.206329 0.793671
1 0.29341 0.70659
1 0.307617 0.692383
1 0.206167 0.793833
1 0.206311 0.793689
1 0.356573 0.643427
1 0.25961 0.74039
1 0.267248 0.732752
1 0.375467 0.624533
1 0.280478 0.719522
1 0.206259 0.793741
1 0.206177 0.793823
1 0.2063 0.7937
1 0.399836 0.600164
1 0.206249 0.793751
1 0.266175 0.733825
1 0.206285 0.793715
1 0.257891 0.742109
1 0.198304 0.801696
1 0.375396 0.624604
0 0.634687 0.365313
1 0.375467 0.624533
1 0.206249 0.793751
1 0.206227 0.793773
0 0.690691 0.309309
1 0.206227 0.793773
0 0.571814 0.428186
1 0.206337 0.793663
1 0.375467 0.624533
0 0.622488 0.377512
1 0.24551 0.75449
1 0.375467 0.624533
1 0.206188 0.793812
1 0.375468 0.624532
1 0.206169 0.793831
1 0.206234 0.793766
1 0.288821 0.711179
1 0.206294 0.793706
1 0.206318 0.793682
1 0.375467 0.624533
0 0.535062 0.464938
1 0.206231 0.793769
0 0.775733 0.224267
1 0.256611 0.743389
1 0.278189 0.721811
1 0.267092 0.732908
1 0.2063 0.7937
1 0.375467 0.624533
0 0.656961 0.343039
1 0.266123 0.733877
1 0.206255 0.793745
1 0.356594 0.643406
1 0.397078 0.602922
1 0.481243 0.518757
1 0.206185 0.793815
1 0.375467 0.624533
1 0.206304 0.793696
1 0.375467 0.624533
1 0.20628 0.79372
1 0.192627 0.807373
1 0.206294 0.793706
1 0.177047 0.822953
1 0.206336 0.793664
1 0.20625 0.79375
1 0.278043 0.721957
1 0.2062 0.7938
1 0.206333 0.793667
1 0.220571 0.779429
1 0.206243 0.793757
1 0.419531 0.580469
1 0.206148 0.793852
1 0.20625 0.79375
1 0.375467 0.624533
0 0.539048 0.460952
0 0.77873 0.22127
1 0.213846 0.786154
1 0.375533 0.624467
1 0.231645 0.768355
1 0.206197 0.793803
1 0.206315 0.793685
1 0.20618 0.79382
1 0.295597 0.704403
1 0.206282 0.793718
1 0.375467 0.624533
1 0.375467 0.624533
1 0.354899 0.645101
1 0.27506 0.72494
1 0.27106 0.72894
1 0.374037 0.625963
1 0.257199 0.742801
0 0.5 0.5
1 0.224227 0.775773
1 0.266212 0.733788
1 0.222278 0.777722
1 0.375467 0.624533
1 0.206285 0.793715
1 0.206199 0.793801
1 0.375396 0.624604
1 0.303075 0.696925
1 0.206153 0.793847
1 0.206169 0.793831
1 0.375467 0.624533
0 0.725062 0.274938
0 0.69287 0.30713
1 0.360195 0.639805
1 0.200664 0.799336
1 0.206283 0.793717
0 0.599381 0.400619
1 0.494786 0.505214
1 0.378978 0.621022
0 0.778906 0.221094
1 0.351963 0.648037
1 0.221812 0.778188
1 0.206251 0.793749
1 0.375467 0.624533
1 0.214264 0.785736
1 0.206346 0.793654
0 0.621138 0.378862
1 0.351955 0.648045
1 0.206297 0.793703
1 0.375467 0.624533
1 0.375467 0.624533
0 0.672111 0.327889
1 0.398904 0.601096
1 0.375467 0.624533
1 0.27562 0.72438
1 0.206253 0.793747
1 0.337807 0.662193
1 0.375467 0.624533
1 0.206296 0.793704
1 0.206262 0.793738
0 0.778859 0.221141
1 0.159866 0.840134
1 0.253498 0.746502
1 0.287805 0.712195
1 0.20631 0.79369
1 0.244165 0.755835
1 0.26611 0.73389
1 0.211468 0.788532
1 0.275855 0.724145
0 0.562715 0.437285
1 0.375505 0.624495
1 0.141695 0.858305
1 0.266239 0.733761
1 0.206182 0.793818
1 0.375468 0.624532
1 0.375467 0.624533
1 0.206291 0.793709
1 0.206243 0.793757
1 0.206267 0.793733
1 0.26768 0.73232
1 0.29719 0.70281
1 0.402198 0.597802
1 0.455127 0.544873
1 0.375467 0.624533
1 0.260919 0.739081
1 0.25961 0.74039
1 0.206168 0.793832
1 0.462544 0.537456
1 0.206266 0.793734
0 0.690598 0.309402
0 0.778834 0.221166
0 0.778848 0.221152
1 0.197143 0.802857
1 0.206155 0.793845
1 0.355858 0.644142
0 0.692471 0.307529
1 0.240452 0.759548
1 0.251028 0.748972
1 0.206249 0.793751
0 0.571857 0.428143
1 0.2062 0.7938
1 0.295791 0.704209
1 0.402132 0.597868
1 0.206297 0.793703
1 0.325288 0.674712
1 0.266167 0.733833
1 0.375467 0.624533
1 0.310647 0.689353
0 0.531706 0.468294
1 0.37311 0.62689
1 0.206201 0.793799
0 0.746598 0.253402
1 0.205493 0.794507
1 0.206198 0.793802
1 0.351211 0.648789
1 0.375466 0.624534
1 0.206236 0.793764
1 0.206222 0.793778
1 0.206224 0.793776
1 0.220727 0.779273
0 0.529047 0.470953
1 0.206201 0.793799
1 0.375467 0.624533
1 0.341183 0.658817
1 0.206239 0.793761
1 0.206222 0.793778
1 0.206268 0.793732
1 0.375467 0.624533
1 0.192813 0.807187
1 0.206198 0.793802
1 0.26499 0.73501
1 0.266052 0.733948
1 0.230634 0.769366
1 0.206227 0.793773
1 0.206323 0.793677
0 0.690565 0.309435
1 0.419357 0.580643
1 0.206285 0.793715
1 0.375467 0.624533
0 0.605221 0.394779
1 0.375469 0.624531
1 0.374038 0.625962
0 0.627394 0.372606
1 0.375467 0.624533
1 0.206148 0.793852
1 0.206175 0.793825
1 0.353653 0.646347
1 0.211419 0.788581
1 0.276583 0.723417
1 0.266161 0.733839
1 0.206232 0.793768
1 0.20629 0.79371
1 0.290398 0.709602
1 0.337766 0.662234
1 0.211216 0.788784
1 0.206243 0.793757
1 0.378978 0.621022
1 0.206269 0.793731
1 0.206247 0.793753
1 0.375467 0.624533
1 0.329737 0.670263
1 0.20625 0.79375
1 0.379046 0.620954
1 0.310378 0.689622
1 0.206251 0.793749
1 0.471265 0.528735
1 0.206245 0.793755
1 0.375467 0.624533
1 0.374201 0.625799
1 0.194191 0.805809
1 0.206328 0.793672
1 0.234927 0.765073
1 0.206234 0.793766
1 0.286257 0.713743
1 0.375424 0.624576
1 0.374038 0.625962
1 0.375467 0.624533
1 0.206219 0.793781
1 0.3786 0.6214
1 0.206155 0.793845
1 0.193715 0.806285
1 0.375467 0.624533
1 0.276689 0.723311
1 0.432187 0.567813
1 0.206249 0.793751
0 0.660063 0.339937
1 0.206159 0.793841
1 0.206181 0.793819
1 0.419357 0.580643
1 0.427091 0.572909
0 0.535062 0.464938
1 0.415765 0.584235
0 0.517899 0.482101
1 0.292218 0.707782
1 0.190818 0.809182
1 0.206343 0.793657
1 0.285032 0.714968
1 0.234992 0.765008
1 0.340671 0.659329
1 0.206278 0.793722
1 0.207708 0.792292
1 0.21358 0.78642
1 0.206266 0.793734
1 0.25967 0.74033
1 0.206262 0.793738
1 0.28012 0.71988
1 0.491648 0.508352
1 0.375467 0.624533
1 0.375467 0.624533
1 0.437143 0.562857
1 0.178111 0.821889
1 0.310524 0.689476
1 0.206213 0.793787
1 0.206262 0.793738
0 0.570636 0.429364
1 0.2822 0.7178
1 0.375468 0.624532
1 0.387134 0.612866
1 0.206194 0.793806
0 0.5 0.5
1 0.396459 0.603541
1 0.328094 0.671906
1 0.229336 0.770664
1 0.206307 0.793693
1 0.475958 0.524042
0 0.634687 0.365313
1 0.216947 0.783053
0 0.571859 0.428141
1 0.246971 0.753029
1 0.375467 0.624533
0 0.690598 0.309402
1 0.356761 0.643239
1 0.206253 0.793747
1 0.206249 0.793751
1 0.222726 0.777274
1 0.329737 0.670263
1 0.375467 0.624533
1 0.206157 0.793843
1 0.375467 0.624533
1 0.206253 0.793747
1 0.354654 0.645346
1 0.352229 0.647771
1 0.350942 0.649058
0 0.565936 0.434064
1 0.273273 0.726727
1 0.206265 0.793735
0 0.571797 0.428203
1 0.375467 0.624533
0 0.549985 0.450015
1 0.206323 0.793677
1 0.297331 0.702669
0 0.685499 0.314501
1 0.206249 0.793751
1 0.375467 0.624533
1 0.375467 0.624533
0 0.571963 0.428037
1 0.2451 0.7549
0 0.690598 0.309402
1 0.206235 0.793765
1 0.20633 0.79367
0 0.566981 0.433019
1 0.267884 0.732116
1 0.273297 0.726703
0 0.634687 0.365313
1 0.37311 0.62689
1 0.375467 0.624533
1 0.206209 0.793791
1 0.194994 0.805006
1 0.288566 0.711434
1 0.26619 0.73381
1 0.374038 0.625962
1 0.386576 0.613424
1 0.206355 0.793645
1 0.288291 0.711709
1 0.319663 0.680337
1 0.206184 0.793816
1 0.206236 0.793764
1 0.206301 0.793699
1 0.206278 0.793722
1 0.206267 0.793733
1 0.375576 0.624424
1 0.380355 0.619645
1 0.231397 0.768603
1 0.249937 0.750063
1 0.206206 0.793794
1 0.25986 0.74014
1 0.381271 0.618729
1 0.266191 0.733809
1 0.27827 0.72173
1 0.206246 0.793754
0 0.65122 0.34878
0 0.772049 0.227951
1 0.206159 0.793841
1 0.335302 0.664698
0 0.588651 0.411349
1 0.375615 0.624385
1 0.206147 0.793853
1 0.375396 0.624604
1 0.206232 0.793768
1 0.249937 0.750063
1 0.379198 0.620802
1 0.206345 0.793655
1 0.340671 0.659329
1 0.373112 0.626888
1 0.269111 0.730889
1 0.206239 0.793761
0 0.778876 0.221124
1 0.206295 0.793705
1 0.238499 0.761501
0 0.571857 0.428143
1 0.233412 0.766588
1 0.20625 0.79375
1 0.206341 0.793659
1 0.276376 0.723624
0 0.539522 0.460478
1 0.375467 0.624533
1 0.309357 0.690643
1 0.375467 0.624533
1 0.348559 0.651441
1 0.206227 0.793773
1 0.375467 0.624533
1 0.39353 0.60647
1 0.203121 0.796879
1 0.307883 0.692117
1 0.375467 0.624533
1 0.308615 0.691385
1 0.439635 0.560365
1 0.206145 0.793855
1 0.17728 0.82272
1 0.375467 0.624533
1 0.206169 0.793831
1 0.270959 0.729041
1 0.375467 0.624533
1 0.243073 0.756927
1 0.206249 0.793751
1 0.206349 0.793651
0 0.546955 0.453045
1 0.242757 0.757243
0 0.596979 0.403021
1 0.375467 0.624533
1 0.206263 0.793737
1 0.231789 0.768211
1 0.374663 0.625337
0 0.597452 0.402548
1 0.357998 0.642002
1 0.375467 0.624533
1 0.371954 0.628046
1 0.402132 0.597868
1 0.206348 0.793652
1 0.206182 0.793818
1 0.375467 0.624533
1 0.310679 0.689321
1 0.419357 0.580643
1 0.375467 0.624533
1 0.490482 0.509518
0 0.517899 0.482101
1 0.375467 0.624533
1 0.206249 0.793751
1 0.20625 0.79375
0 0.5 0.5
1 0.206238 0.793762
1 0.375467 0.624533
1 0.20632 0.79368
1 0.355067 0.644933
1 0.206159 0.793841
1 0.375467 0.624533
1 0.377613 0.622387
1 0.25362 0.74638
0 0.690598 0.309402
1 0.483055 0.516945
1 0.375396 0.624604
1 0.35741 0.64259
1 0.270676 0.729324
1 0.235831 0.764169
1 0.206252 0.793748
1 0.206229 0.793771
1 0.400993 0.599007
1 0.269166 0.730834
1 0.206333 0.793667
1 0.375467 0.624533
0 0.690598 0.309402
1 0.194108 0.805892
1 0.196348 0.803652
1 0.206211 0.793789
1 0.375468 0.624532
0 0.633102 0.366898
1 0.375467 0.624533
1 0.375467 0.624533
1 0.375424 0.624576
0 0.521482 0.478518
1 0.206212 0.793788
1 0.375467 0.624533
1 0.319663 0.680337
1 0.287231 0.712769
0 0.570474 0.429526
1 0.300867 0.699133
1 0.206244 0.793756
1 0.206267 0.793733
1 0.375467 0.624533
1 0.260798 0.739202
1 0.494787 0.505213
1 0.206252 0.793748
1 0.184964 0.815036
1 0.206333 0.793667
1 0.375467 0.624533
1 0.164921 0.835079
1 0.350938 0.649062
1 0.206322 0.793678
1 0.206199 0.793801
1 0.375467 0.624533
1 0.216829 0.783171
1 0.35123 0.64877
1 0.257649 0.742351
1 0.375533 0.624467
1 0.245687 0.754313
1 0.206296 0.793704
1 0.362435 0.637565
1 0.206275 0.793725
1 0.419281 0.580719
1 0.41921 0.58079
1 0.370668 0.629332
1 0.252948 0.747052
1 0.351229 0.648771
1 0.206251 0.793749
1 0.375467 0.624533
1 0.375467 0.624533
1 0.206342 0.793658
1 0.375467 0.624533
1 0.27116 0.72884
1 0.323476 0.676524
1 0.206249 0.793751
0 0.778752 0.221248
1 0.375468 0.624532
1 0.266195 0.733805
1 0.299544 0.700456
1 0.316328 0.683672
1 0.373111 0.626889
1 0.206162 0.793838
1 0.206181 0.793819
1 0.206158 0.793842
1 0.18344 0.81656
1 0.206317 0.793683
1 0.375467 0.624533
1 0.206226 0.793774
1 0.206265 0.793735
1 0.373111 0.626889
1 0.206147 0.793853
1 0.206299 0.793701
1 0.354654 0.645346
1 0.206275 0.793725
1 0.206236 0.793764
1 0.206222 0.793778
0 0.541808 0.458192
1 0.209779 0.790221
0 0.571857 0.428143
1 0.206325 0.793675
1 0.464299 0.535701
1 0.262177 0.737823
1 0.206171 0.793829
1 0.375467 0.624533
1 0.206249 0.793751
1 0.369172 0.630828
1 0.20625 0.79375
1 0.25967 0.74033
1 0.29443 0.70557
0 0.692471 0.307529
1 0.171329 0.828671
1 0.206317 0.793683
0 0.538891 0.461109
1 0.375468 0.624532
1 0.206175 0.793825
0 0.636251 0.363749
1 0.375467 0.624533
1 0.206284 0.793716
1 0.350889 0.649111
1 0.206146 0.793854
0 0.778825 0.221175
1 0.206267 0.793733
1 0.374263 0.625737
1 0.303075 0.696925
1 0.206277 0.793723
1 0.20624 0.79376
1 0.433986 0.566014
1 0.206298 0.793702
1 0.206268 0.793732
1 0.312822 0.687178
1 0.266256 0.733744
1 0.206236 0.793764
1 0.206304 0.793696
1 0.375467 0.624533
1 0.375468 0.624532
1 0.206268 0.793732
1 0.2062 0.7938
1 0.175883 0.824117
1 0.206336 0.793664
1 0.375465 0.624535
1 0.288783 0.711217
1 0.241621 0.758379
1 0.375467 0.624533
1 0.375467 0.624533
1 0.269111 0.730889
1 0.258457 0.741543
1 0.350949 0.649051
1 0.375467 0.624533
1 0.206242 0.793758
1 0.206266 0.793734
1 0.266114 0.733886
1 0.474124 0.525876
1 0.184964 0.815036
1 0.206319 0.793681
1 0.375467 0.624533
1 0.206333 0.793667
1 0.268754 0.731246
1 0.374051 0.625949
1 0.266168 0.733832
1 0.206327 0.793673
1 0.375467 0.624533
1 0.206236 0.793764
1 0.375576 0.624424
1 0.35036 0.64964
1 0.20634 0.79366
1 0.20634 0.79366
1 0.419488 0.580512
1 0.375467 0.624533
1 0.206266 0.793734
1 0.286008 0.713992
1 0.206251 0.793749
0 0.571786 0.428214
1 0.31289 0.68711
1 0.375467 0.624533
1 0.295597 0.704403
1 0.33355 0.66645
1 0.206226 0.793774
1 0.206252 0.793748
1 0.494786 0.505214
1 0.250669 0.749331
1 0.20619 0.79381
1 0.206322 0.793678
1 0.206234 0.793766
1 0.375467 0.624533
1 0.374037 0.625963
0 0.571857 0.428143
1 0.355947 0.644053
1 0.363585 0.636415
1 0.215296 0.784704
1 0.375467 0.624533
1 0.206154 0.793846
1 0.206256 0.793744
1 0.375467 0.624533
1 0.206333 0.793667
1 0.307472 0.692528
1 0.375467 0.624533
1 0.275808 0.724192
1 0.206287 0.793713
1 0.276689 0.723311
1 0.20634 0.79366
1 0.2063 0.7937
1 0.206343 0.793657
1 0.373109 0.626891
1 0.147232 0.852768
1 0.375467 0.624533
1 0.206202 0.793798
1 0.373109 0.626891
1 0.278189 0.721811
1 0.206273 0.793727
1 0.375467 0.624533
1 0.375466 0.624534
1 0.206297 0.793703
1 0.206356 0.793644
1 0.266093 0.733907
1 0.357998 0.642002
1 0.375467 0.624533
0 0.592436 0.407564
1 0.35271 0.64729
1 0.351628 0.648372
1 0.266214 0.733786
1 0.351797 0.648203
1 0.2063 0.7937
1 0.473427 0.526573
1 0.206339 0.793661
1 0.266185 0.733815
1 0.235039 0.764961
1 0.375467 0.624533
1 0.206283 0.793717
1 0.201127 0.798873
1 0.206194 0.793806
0 0.609008 0.390992
1 0.206284 0.793716
1 0.345512 0.654488
1 0.206343 0.793657
0 0.513926 0.486074
1 0.209542 0.790458
1 0.375467 0.624533
0 0.690598 0.309402
1 0.291546 0.708454
1 0.206249 0.793751
1 0.39417 0.60583
1 0.334405 0.665595
0 0.571857 0.428143
1 0.318132 0.681868
1 0.277302 0.722698
1 0.206252 0.793748
1 0.264929 0.735071
1 0.192494 0.807506
0 0.75644 0.24356
1 0.206177 0.793823
1 0.268318 0.731682
1 0.354511 0.645489
1 0.375467 0.624533
1 0.375468 0.624532
1 0.37337 0.62663
1 0.375467 0.624533
1 0.452527 0.547473
1 0.206258 0.793742
1 0.206275 0.793725
0 0.549706 0.450294
1 0.402132 0.597868
1 0.266222 0.733778
1 0.290828 0.709172
1 0.206268 0.793732
1 0.206249 0.793751
1 0.20627 0.79373
1 0.267895 0.732105
1 0.20627 0.79373
1 0.229155 0.770845
1 0.375467 0.624533
1 0.375467 0.624533
1 0.27506 0.72494
1 0.27116 0.72884
1 0.358117 0.641883
1 0.206349 0.793651
0 0.575363 0.424637
1 0.206197 0.793803
1 0.471265 0.528735
1 0.206266 0.793734
1 0.375467 0.624533
1 0.375467 0.624533
1 0.206233 0.793767
1 0.206148 0.793852
1 0.286415 0.713585
1 0.353689 0.646311
1 0.206285 0.793715
1 0.375576 0.624424
1 0.35094 0.64906
1 0.31289 0.68711
0 0.600978 0.399022
1 0.334133 0.665867
1 0.402132 0.597868
1 0.203428 0.796572
1 0.194148 0.805852
0 0.77826 0.22174
1 0.214959 0.785041
1 0.237636 0.762364
1 0.206174 0.793826
1 0.349393 0.650607
1 0.375467 0.624533
1 0.206291 0.793709
1 0.206181 0.793819
1 0.20619 0.79381
1 0.266133 0.733867
1 0.266099 0.733901
1 0.20625 0.79375
1 0.350446 0.649554
0 0.749282 0.250718
1 0.206251 0.793749
1 0.206274 0.793726
1 0.206154 0.793846
1 0.375467 0.624533
1 0.282973 0.717027
0 0.511312 0.488688
1 0.288835 0.711165
0 0.747207 0.252793
1 0.375467 0.624533
1 0.206324 0.793676
1 0.266105 0.733895
1 0.462168 0.537832
0 0.650815 0.349185
0 0.712978 0.287022
1 0.375467 0.624533
0 0.545902 0.454098
1 0.455886 0.544114
1 0.266963 0.733037
0 0.545424 0.454576
1 0.419399 0.580601
1 0.2063 0.7937
1 0.206314 0.793686
1 0.417941 0.582059
0 0.510509 0.489491
1 0.375467 0.624533
1 0.206174 0.793826
1 0.206269 0.793731
0 0.660793 0.339207
1 0.206192 0.793808
1 0.20626 0.79374
1 0.375467 0.624533
1 0.375467 0.624533
1 0.208479 0.791521
1 0.266052 0.733948
0 0.77873 0.22127
1 0.206265 0.793735
1 0.356065 0.643935
0 0.571963 0.428037
1 0.375467 0.624533
1 0.206253 0.793747
1 0.439635 0.560365
1 0.206298 0.793702
0 0.571963 0.428037
1 0.402986 0.597014
1 0.419358 0.580642
1 0.375467 0.624533
0 0.550516 0.449484
1 0.375396 0.624604
1 0.375396 0.624604
1 0.375467 0.624533
1 0.375467 0.624533
1 0.271227 0.728773
1 0.174483 0.825517
1 0.353653 0.646347
1 0.376626 0.623374
1 0.375466 0.624534
1 0.375467 0.624533
1 0.400993 0.599007
1 0.206337 0.793663
1 0.338144 0.661856
1 0.375468 0.624532
1 0.375467 0.624533
1 0.2179 0.7821
0 0.586924 0.413076
1 0.375467 0.624533
1 0.428126 0.571874
1 0.288783 0.711217
0 0.517079 0.482921
1 0.375466 0.624534
1 0.350942 0.649058
1 0.20617 0.79383
1 0.437681 0.562319
1 0.206294 0.793706
1 0.329577 0.670423
1 0.450899 0.549101
1 0.419466 0.580534
1 0.375467 0.624533
1 0.250552 0.749448
0 0.687026 0.312974
0 0.566981 0.433019
1 0.206317 0.793683
1 0.199698 0.800302
1 0.228927 0.771073
0 0.690561 0.309439
1 0.375534 0.624466
1 0.375533 0.624467
1 0.282975 0.717025
1 0.206297 0.793703
1 0.206173 0.793827
0 0.690598 0.309402
1 0.206222 0.793778
1 0.185178 0.814822
1 0.206143 0.793857
1 0.220561 0.779439
1 0.375467 0.624533
1 0.375467 0.624533
1 0.292128 0.707872
1 0.206247 0.793753
1 0.375467 0.624533
0 0.536781 0.463219
0 0.698147 0.301853
1 0.356024 0.643976
0 0.690598 0.309402
1 0.271227 0.728773
1 0.375576 0.624424
1 0.375467 0.624533
1 0.267726 0.732274
1 0.26719 0.73281
1 0.206317 0.793683
0 0.631313 0.368687
1 0.206314 0.793686
1 0.206282 0.793718
1 0.250669 0.749331
1 0.45493 0.54507
1 0.461309 0.538691
0 0.68662 0.31338
1 0.206325 0.793675
1 0.206317 0.793683
1 0.20625 0.79375
1 0.219906 0.780094
0 0.5707 0.4293
1 0.206302 0.793698
1 0.307883 0.692117
1 0.206318 0.793682
1 0.327844 0.672156
1 0.375467 0.624533
1 0.494714 0.505286
1 0.266299 0.733701
1 0.206219 0.793781
0 0.550173 0.449827
1 0.358032 0.641968
1 0.346997 0.653003
1 0.255872 0.744128
1 0.297188 0.702812
1 0.375468 0.624532
1 0.26613 0.73387
1 0.206177 0.793823
1 0.375396 0.624604
1 0.295159 0.704841
1 0.248953 0.751047
1 0.206285 0.793715
0 0.631434 0.368566
1 0.375469 0.624531
1 0.201729 0.798271
0 0.708407 0.291593
1 0.20622 0.79378
1 0.206217 0.793783
1 0.20625 0.79375
1 0.261606 0.738394
1 0.314388 0.685612
1 0.263823 0.736177
1 0.375533 0.624467
1 0.206296 0.793704
1 0.24592 0.75408
1 0.141695 0.858305
1 0.35369 0.64631
1 0.206226 0.793774
1 0.206171 0.793829
1 0.20627 0.79373
1 0.206158 0.793842
1 0.469205 0.530795
1 0.375468 0.624532
1 0.376021 0.623979
1 0.283843 0.716157
1 0.20623 0.79377
1 0.20627 0.79373
1 0.206327 0.793673
1 0.27506 0.72494
1 0.199657 0.800343
0 0.778848 0.221152
1 0.375424 0.624576
1 0.20631 0.79369
1 0.206266 0.793734
1 0.375468 0.624532
0 0.778888 0.221112
1 0.375467 0.624533
1 0.266225 0.733775
1 0.20622 0.79378
1 0.185035 0.814965
1 0.375467 0.624533
1 0.208835 0.791165
1 0.375467 0.624533
1 0.327157 0.672843
1 0.248953 0.751047
1 0.256608 0.743392
1 0.20623 0.79377
1 0.379144 0.620856
1 0.209399 0.790601
1 0.206327 0.793673
1 0.223174 0.776826
1 0.207257 0.792743
1 0.206285 0.793715
1 0.419357 0.580643
1 0.206298 0.793702
1 0.206293 0.793707
1 0.419357 0.580643
1 0.206154 0.793846
1 0.206266 0.793734
1 0.206306 0.793694
1 0.206154 0.793846
1 0.219472 0.780528
1 0.292738 0.707262
1 0.375467 0.624533
1 0.206249 0.793751
1 0.206154 0.793846
1 0.402132 0.597868
1 0.402131 0.597869
1 0.357983 0.642017
1 0.307617 0.692383
1 0.374663 0.625337
1 0.20616 0.79384
1 0.25967 0.74033
1 0.282939 0.717061
1 0.262321 0.737679
0 0.562705 0.437295
1 0.225242 0.774758
0 0.633102 0.366898
1 0.375113 0.624887
1 0.255899 0.744101
1 0.20631 0.79369
1 0.23197 0.76803
1 0.184635 0.815365
1 0.206298 0.793702
1 0.208489 0.791511
1 0.206148 0.793852
1 0.419357 0.580643
1 0.377665 0.622335
1 0.206249 0.793751
1 0.20625 0.79375
1 0.380971 0.619029
1 0.375467 0.624533
1 0.253873 0.746127
1 0.402132 0.597868
1 0.266841 0.733159
1 0.206257 0.793743
1 0.20632 0.79368
1 0.462578 0.537422
1 0.206224 0.793776
1 0.217791 0.782209
1 0.206148 0.793852
1 0.206191 0.793809
1 0.325589 0.674411
1 0.375467 0.624533
1 0.206264 0.793736
1 0.206237 0.793763
1 0.192813 0.807187
1 0.206266 0.793734
1 0.322629 0.677371
1 0.206282 0.793718
1 0.206242 0.793758
1 0.307617 0.692383
1 0.35369 0.64631
1 0.375467 0.624533
1 0.206297 0.793703
1 0.27264 0.72736
1 0.201852 0.798148
1 0.280478 0.719522
1 0.375466 0.624534
1 0.375466 0.624534
1 0.375467 0.624533
1 0.355437 0.644563
1 0.20623 0.79377
1 0.206238 0.793762
1 0.206318 0.793682
1 0.206303 0.793697
1 0.206194 0.793806
1 0.206327 0.793673
1 0.206236 0.793764
1 0.206249 0.793751
1 0.227788 0.772212
1 0.221585 0.778415
1 0.206287 0.793713
0 0.541808 0.458192
1 0.206328 0.793672
1 0.206265 0.793735
1 0.206318 0.793682
1 0.206309 0.793691
1 0.206346 0.793654
1 0.280035 0.719965
1 0.206343 0.793657
1 0.206334 0.793666
1 0.206188 0.793812
1 0.197674 0.802326
1 0.20632 0.79368
1 0.357839 0.642161
1 0.206243 0.793757
1 0.206211 0.793789
1 0.206146 0.793854
1 0.206036 0.793964
1 0.206244 0.793756
1 0.206236 0.793764
1 0.206317 0.793683
1 0.206194 0.793806
1 0.206265 0.793735
1 0.20626 0.79374
1 0.206309 0.793691
1 0.214959 0.785041
1 0.210122 0.789878
1 0.206247 0.793753
1 0.206287 0.793713
1 0.207549 0.792451
1 0.206226 0.793774
1 0.206252 0.793748
1 0.206292 0.793708
1 0.271227 0.728773
1 0.206244 0.793756
1 0.206338 0.793662
1 0.206213 0.793787
1 0.206171 0.793829
1 0.206266 0.793734
1 0.206322 0.793678
1 0.206304 0.793696
1 0.206266 0.793734
1 0.206211 0.793789
1 0.206318 0.793682
1 0.206328 0.793672
1 0.211915 0.788085
1 0.206266 0.793734
1 0.206241 0.793759
1 0.206248 0.793752
1 0.20627 0.79373
1 0.206253 0.793747
1 0.206267 0.793733
1 0.206283 0.793717
1 0.206182 0.793818
1 0.206318 0.793682
1 0.20625 0.79375
1 0.206283 0.793717
1 0.206266 0.793734
